GLUE_amean: 0.7827917337417603
GLUE_hmean: 0.7255250215530396
GPU: NVIDIA A30
RAM: 1.7681961059570312
VRAM: 2.836385726928711
cola_matthews_correlation: 0.4007177827039757
kWh: 0.48084042222222223
mnli_accuracy: 0.8490066225165563
mnli_accuracy_extra: 0.850386493083808
mrpc_accuracy: 0.7549019607843137
mrpc_f1: 0.845679012345679
numGPUs: 1
qnli_accuracy: 0.9123192385136372
qqp_accuracy: 0.9064061340588672
qqp_f1: 0.8756326825741142
rte_accuracy: 0.5306859205776173
sst2_accuracy: 0.9288990825688074
stsb_pearson: 0.8517979383468628
stsb_spearmanr: 0.8486804386073975
