GLUE_amean: 0.33284449577331543
GLUE_hmean: 0.0
GPU: NVIDIA A30
RAM: 2.0560226440429688
VRAM: 3.1481590270996094
cola_matthews_correlation: 0.0
kWh: 0.5036182544444436
mnli_accuracy: 0.3544574630667346
mnli_accuracy_extra: 0.3522172497965826
mrpc_accuracy: 0.6838235294117647
mrpc_f1: 0.8122270742358079
numGPUs: 1
qnli_accuracy: 0.4946000366099213
qqp_accuracy: 0.6318327974276527
qqp_f1: 0.0
rte_accuracy: 0.4729241877256318
sst2_accuracy: 0.5091743119266054
stsb_pearson: 0.0
stsb_spearmanr: 0.0
