GPU: NVIDIA A30
RAM: 3.628875732421875
VRAM: 20.135653018951416
kWh: 3.940879483333326
numGPUs: 1
num_params: 119589889
