GLUE_amean: 0.7653546333312988
GLUE_hmean: 0.5880571007728577
GPU: NVIDIA A30
RAM: 1.8143997192382812
VRAM: 2.836399555206299
cola_matthews_correlation: 0.18075435456524627
kWh: 0.48048482083333344
mnli_accuracy: 0.8495160468670403
mnli_accuracy_extra: 0.8527257933279089
mrpc_accuracy: 0.8137254901960784
mrpc_f1: 0.8782051282051282
numGPUs: 1
qnli_accuracy: 0.9117700896943072
qqp_accuracy: 0.9064308681672025
qqp_f1: 0.8750289055531697
rte_accuracy: 0.555956678700361
sst2_accuracy: 0.9277522935779816
stsb_pearson: 0.8564822673797607
stsb_spearmanr: 0.8516387743889036
