GLUE_amean: 0.5443264842033386
GLUE_hmean: 0.0
GPU: NVIDIA H100
RAM: 2.452434539794922
VRAM: 4.066803932189941
cola_matthews_correlation: 0.0
kWh: 0.6002524394444464
mnli_accuracy: 0.6903718797758532
mnli_accuracy_extra: 0.7038242473555736
mrpc_accuracy: 0.6421568627450981
mrpc_f1: 0.7732919254658385
numGPUs: 1
qnli_accuracy: 0.5334065531759107
qqp_accuracy: 0.8729903536977492
qqp_f1: 0.8301861834055358
rte_accuracy: 0.5090252707581228
sst2_accuracy: 0.8027522935779816
stsb_pearson: 0.05607980117201805
stsb_spearmanr: 0.045623573950072015
