GPU: NVIDIA H100
RAM: 1.5000801086425781
VRAM: 84.911545753479
kWh: 4.825521671111176
numGPUs: 1
num_params: 119589889
