GPU: NVIDIA H100
RAM: 1.7713203430175781
VRAM: 84.911545753479
kWh: 14.488051020277783
numGPUs: 1
num_params: 119589889
