GLUE_amean: 0.6968510746955872
GLUE_hmean: 0.0
GPU: NVIDIA H100
RAM: 2.5426025390625
VRAM: 4.074010372161865
cola_matthews_correlation: 0.0
kWh: 0.6041368697222254
mnli_accuracy: 0.7871625063678044
mnli_accuracy_extra: 0.7927176566314077
mrpc_accuracy: 0.7083333333333334
mrpc_f1: 0.8033057851239669
numGPUs: 1
qnli_accuracy: 0.852462017206663
qqp_accuracy: 0.8896116744991343
qqp_f1: 0.8539833142483233
rte_accuracy: 0.516245487364621
sst2_accuracy: 0.8715596330275229
stsb_pearson: 0.7942236661911011
stsb_spearmanr: 0.7898389702576849
