GLUE_amean: 0.7895931601524353
GLUE_hmean: 0.7285313606262207
GPU: NVIDIA A30
RAM: 1.844757080078125
VRAM: 2.8325705528259277
cola_matthews_correlation: 0.38130183421595476
kWh: 0.48450821583333337
mnli_accuracy: 0.8491085073866531
mnli_accuracy_extra: 0.8566924328722538
mrpc_accuracy: 0.803921568627451
mrpc_f1: 0.8717948717948718
numGPUs: 1
qnli_accuracy: 0.9126853377265239
qqp_accuracy: 0.9072470937422706
qqp_f1: 0.8765310154089293
rte_accuracy: 0.5667870036101083
sst2_accuracy: 0.9392201834862385
stsb_pearson: 0.8522170782089233
stsb_spearmanr: 0.8507631532283977
