GPU: NVIDIA H100
RAM: 1.4193801879882812
VRAM: 84.911545753479
kWh: 14.458431009166645
numGPUs: 1
num_params: 119589889
