GPU: NVIDIA A30
RAM: 5.193470001220703
VRAM: 12.294375896453857
kWh: 3.9371229677777775
numGPUs: 1
num_params: 138464257
