GLUE_amean: 0.6934266686439514
GLUE_hmean: -0.37962958216667175
GPU: NVIDIA A30
RAM: 2.2100181579589844
VRAM: 4.017123699188232
cola_matthews_correlation: -0.02929206145132745
kWh: 0.6667677261111111
mnli_accuracy: 0.7828833418237392
mnli_accuracy_extra: 0.7851912123677787
mrpc_accuracy: 0.7083333333333334
mrpc_f1: 0.8006700167504187
numGPUs: 1
qnli_accuracy: 0.8542925132710965
qqp_accuracy: 0.8896364086074697
qqp_f1: 0.8537241017571466
rte_accuracy: 0.5342960288808665
sst2_accuracy: 0.875
stsb_pearson: 0.7840749025344849
stsb_spearmanr: 0.7817218611838747
