GLUE_amean: 0.7965036630630493
GLUE_hmean: 0.755413293838501
GPU: NVIDIA A30
RAM: 1.8127212524414062
VRAM: 2.834163188934326
cola_matthews_correlation: 0.4559658705975695
kWh: 0.4785242883333325
mnli_accuracy: 0.8410596026490066
mnli_accuracy_extra: 0.8376729048006509
mrpc_accuracy: 0.8357843137254902
mrpc_f1: 0.8888888888888888
numGPUs: 1
qnli_accuracy: 0.8991396668497162
qqp_accuracy: 0.9048973534504081
qqp_f1: 0.8740294204370475
rte_accuracy: 0.5812274368231047
sst2_accuracy: 0.9243119266055045
stsb_pearson: 0.8662372827529907
stsb_spearmanr: 0.8633457679782861
