GLUE_amean: 0.8083568215370178
GLUE_hmean: 0.7811018824577332
GPU: NVIDIA A30
RAM: 1.8299293518066406
VRAM: 2.8375725746154785
cola_matthews_correlation: 0.5475140727239077
kWh: 0.4798960127777776
mnli_accuracy: 0.8344370860927153
mnli_accuracy_extra: 0.8401139137510171
mrpc_accuracy: 0.8602941176470589
mrpc_f1: 0.902229845626072
numGPUs: 1
qnli_accuracy: 0.8984074684239429
qqp_accuracy: 0.907717041800643
qqp_f1: 0.8761740400252231
rte_accuracy: 0.5848375451263538
sst2_accuracy: 0.9197247706422018
stsb_pearson: 0.8717724084854126
stsb_spearmanr: 0.8692106821783375
