GLUE_amean: 0.8031017780303955
GLUE_hmean: 0.7702969908714294
GPU: NVIDIA A30
RAM: 2.0753746032714844
VRAM: 3.271811008453369
cola_matthews_correlation: 0.5315332344895993
kWh: 0.5364274738888888
mnli_accuracy: 0.833112582781457
mnli_accuracy_extra: 0.8435720097640358
mrpc_accuracy: 0.8578431372549019
mrpc_f1: 0.9042904290429042
numGPUs: 1
qnli_accuracy: 0.8965769723595094
qqp_accuracy: 0.9069502844422459
qqp_f1: 0.8753561725531774
rte_accuracy: 0.5487364620938628
sst2_accuracy: 0.9243119266055045
stsb_pearson: 0.8704255223274231
stsb_spearmanr: 0.8662884093736581
