GLUE_amean: 0.742182195186615
GLUE_hmean: 0.0
GPU: NVIDIA A30
RAM: 1.820648193359375
VRAM: 2.8404574394226074
cola_matthews_correlation: 0.0
kWh: 0.48583854500000045
mnli_accuracy: 0.850636780438105
mnli_accuracy_extra: 0.853539462978031
mrpc_accuracy: 0.7794117647058824
mrpc_f1: 0.8575949367088608
numGPUs: 1
qnli_accuracy: 0.9108548416620904
qqp_accuracy: 0.9061340588671778
qqp_f1: 0.8745496016660607
rte_accuracy: 0.5595667870036101
sst2_accuracy: 0.9220183486238532
stsb_pearson: 0.850878119468689
stsb_spearmanr: 0.8449036088761459
