GLUE_amean: 0.32851308584213257
GLUE_hmean: 0.0
GPU: NVIDIA A30
RAM: 2.087177276611328
VRAM: 3.1409621238708496
cola_matthews_correlation: 0.0
kWh: 0.5394378227777776
mnli_accuracy: 0.3273560876209883
mnli_accuracy_extra: 0.3295362082994304
mrpc_accuracy: 0.6838235294117647
mrpc_f1: 0.8122270742358079
numGPUs: 1
qnli_accuracy: 0.5053999633900788
qqp_accuracy: 0.6318327974276527
qqp_f1: 0.0
rte_accuracy: 0.4729241877256318
sst2_accuracy: 0.5091743119266054
stsb_pearson: 0.0
stsb_spearmanr: 0.0
