GPU: NVIDIA A30
RAM: 6.2772979736328125
VRAM: 11.082705974578857
kWh: 3.9414477247222166
numGPUs: 1
num_params: 119589889
