GLUE_amean: 0.805045485496521
GLUE_hmean: 0.7734432220458984
GPU: NVIDIA A30
RAM: 1.7929229736328125
VRAM: 2.8384623527526855
cola_matthews_correlation: 0.5209209891115821
kWh: 0.48764785388888754
mnli_accuracy: 0.8427916454406521
mnli_accuracy_extra: 0.8469283970707893
mrpc_accuracy: 0.8553921568627451
mrpc_f1: 0.8991452991452992
numGPUs: 1
qnli_accuracy: 0.894746476295076
qqp_accuracy: 0.906331931733861
qqp_f1: 0.8743154890312302
rte_accuracy: 0.5740072202166066
sst2_accuracy: 0.9243119266055045
stsb_pearson: 0.8682421445846558
stsb_spearmanr: 0.8632573673684525
